1.0000          1.0122E-5
20.000          0.0041967
40.000          0.017152
60.000          0.039419
80.000          0.071707
100.00          0.11497
120.00          0.17052
140.00          0.24021
160.00          0.32669
180.00          0.43378
200.00          0.56594
220.00          0.72128
240.00          0.86260
260.00          0.94034
280.00          0.97662
300.00          0.99388
320.00          0.99309
340.00          0.98747
360.00          0.98994
380.00          0.98877
400.00          0.97482
420.00          0.96168
440.00          0.95997
460.00          0.96567
480.00          0.97414
500.00          0.98227
520.00          0.98615
540.00          0.98537
560.00          0.98292
580.00          0.98193
600.00          0.98276
620.00          0.98302
640.00          0.97973
660.00          0.97326
680.00          0.97211
700.00          0.98659
720.00          0.99752
740.00          0.99346
760.00          0.99045
780.00          0.99104
800.00          0.98273
820.00          0.97671
840.00          0.98746
860.00          0.99485
880.00          0.98296
900.00          0.96903
920.00          0.96876
940.00          0.97677
960.00          0.97968
980.00          0.97697
1000.0          0.97244
1020.0          0.96796
1040.0          0.96608
1060.0          0.96993
1080.0          0.97927
1100.0          0.98749
1120.0          0.98582
1140.0          0.97461
1160.0          0.97230
1180.0          0.99051
1200.0          0.99885
1220.0          0.99304
1240.0          0.99191
1260.0          0.98953
1280.0          0.98660
1300.0          0.98960
1320.0          0.99100
1340.0          0.98899
1360.0          0.98441
1380.0          0.98070
1400.0          0.98596
1420.0          0.99528
1440.0          0.99398
1460.0          0.98691
1480.0          0.98439
1500.0          0.98407
1520.0          0.98126
1540.0          0.98156
1560.0          0.99055
1580.0          0.99459
1600.0          0.98868
1620.0          0.98135
1640.0          0.98521
1660.0          0.99758
1680.0          0.99011
1700.0          0.97668
1720.0          0.97510
1740.0          0.98547
1760.0          0.98962
1780.0          0.98712
1800.0          0.98468
1820.0          0.98040
1840.0          0.97768
1860.0          0.98017
1880.0          0.98528
1900.0          0.98661
1920.0          0.97895
1940.0          0.97098
1960.0          0.98255
1980.0          0.98266
2000.0          0.93941
