1.0000          1.0900E-5
20.000          0.0045164
40.000          0.018457
60.000          0.042407
80.000          0.077109
100.00          0.12354
120.00          0.18299
140.00          0.25720
160.00          0.34844
180.00          0.45935
200.00          0.59158
220.00          0.73916
240.00          0.87301
260.00          0.95490
280.00          0.98692
300.00          0.98394
320.00          0.96876
340.00          0.96968
360.00          0.98210
380.00          0.98835
400.00          0.97969
420.00          0.95963
440.00          0.94253
460.00          0.93943
480.00          0.94982
500.00          0.96602
520.00          0.98016
540.00          0.98829
560.00          0.99082
580.00          0.99025
600.00          0.98811
620.00          0.98436
640.00          0.97900
660.00          0.97378
680.00          0.97382
700.00          0.98408
720.00          0.99556
740.00          0.99645
760.00          0.98454
780.00          0.97482
800.00          0.97311
820.00          0.97077
840.00          0.97327
860.00          0.97813
880.00          0.97792
900.00          0.97602
920.00          0.97480
940.00          0.97371
960.00          0.97229
980.00          0.97117
1000.0          0.97186
1020.0          0.97559
1040.0          0.98086
1060.0          0.98220
1080.0          0.97709
1100.0          0.97362
1120.0          0.97903
1140.0          0.98765
1160.0          0.99048
1180.0          0.98849
1200.0          0.98662
1220.0          0.99454
1240.0          0.99945
1260.0          0.98643
1280.0          0.96841
1300.0          0.96216
1320.0          0.97545
1340.0          0.98855
1360.0          0.98470
1380.0          0.97753
1400.0          0.98143
1420.0          0.99283
1440.0          0.99359
1460.0          0.98533
1480.0          0.97889
1500.0          0.97776
1520.0          0.98009
1540.0          0.98222
1560.0          0.98200
1580.0          0.97894
1600.0          0.97252
1620.0          0.96583
1640.0          0.96928
1660.0          0.97969
1680.0          0.97546
1700.0          0.97754
1720.0          0.99542
1740.0          0.99656
1760.0          0.98935
1780.0          0.98894
1800.0          0.99149
1820.0          0.99262
1840.0          0.99226
1860.0          0.98908
1880.0          0.98430
1900.0          0.98693
1920.0          0.98765
1940.0          0.98101
1960.0          0.97719
1980.0          0.97637
2000.0          0.94932
