1.0000          7.8392E-6
20.000          0.0032408
40.000          0.013284
60.000          0.030682
80.000          0.056220
100.00          0.091031
120.00          0.13676
140.00          0.19582
160.00          0.27187
180.00          0.37050
200.00          0.49978
220.00          0.66621
240.00          0.84398
260.00          0.95116
280.00          0.97728
300.00          0.96967
320.00          0.96949
340.00          0.97473
360.00          0.98244
380.00          0.98571
400.00          0.97597
420.00          0.96471
440.00          0.96496
460.00          0.96794
480.00          0.97047
500.00          0.97497
520.00          0.97804
540.00          0.97947
560.00          0.98069
580.00          0.98228
600.00          0.98485
620.00          0.98540
640.00          0.97935
660.00          0.96626
680.00          0.95427
700.00          0.96032
720.00          0.98609
740.00          0.99852
760.00          0.99328
780.00          0.98023
800.00          0.96212
820.00          0.96569
840.00          0.97627
860.00          0.96817
880.00          0.95767
900.00          0.95503
920.00          0.96103
940.00          0.97498
960.00          0.98573
980.00          0.98249
1000.0          0.97631
1020.0          0.97660
1040.0          0.98319
1060.0          0.98686
1080.0          0.97820
1100.0          0.96751
1120.0          0.96694
1140.0          0.96883
1160.0          0.96216
1180.0          0.96274
1200.0          0.98176
1220.0          0.99359
1240.0          0.98967
1260.0          0.98119
1280.0          0.98954
1300.0          0.99149
1320.0          0.98837
1340.0          0.98922
1360.0          0.99013
1380.0          0.99281
1400.0          0.99396
1420.0          0.98676
1440.0          0.98037
1460.0          0.98018
1480.0          0.98481
1500.0          0.98913
1520.0          0.98844
1540.0          0.98435
1560.0          0.98352
1580.0          0.98906
1600.0          0.99036
1620.0          0.98112
1640.0          0.97479
1660.0          0.98060
1680.0          0.99358
1700.0          0.99156
1720.0          0.98437
1740.0          0.97296
1760.0          0.97762
1780.0          0.98952
1800.0          0.99257
1820.0          0.98193
1840.0          0.97811
1860.0          0.98264
1880.0          0.99030
1900.0          0.99162
1920.0          0.97792
1940.0          0.95327
