10.000          7.9250E-4
20.000          0.0032143
30.000          0.0073238
40.000          0.013186
50.000          0.020880
60.000          0.030498
70.000          0.042155
80.000          0.055987
90.000          0.072159
100.00          0.090869
110.00          0.11235
120.00          0.13691
130.00          0.16487
140.00          0.19669
150.00          0.23287
160.00          0.27408
170.00          0.32111
180.00          0.37492
190.00          0.43664
200.00          0.50742
210.00          0.58807
220.00          0.67774
230.00          0.77127
240.00          0.85682
250.00          0.92165
260.00          0.96233
270.00          0.98384
280.00          0.99247
290.00          0.99042
300.00          0.98034
310.00          0.96972
320.00          0.96388
330.00          0.96216
340.00          0.96369
350.00          0.96903
360.00          0.97671
370.00          0.98321
380.00          0.98536
390.00          0.98174
400.00          0.97378
410.00          0.96520
420.00          0.95954
430.00          0.95781
440.00          0.95845
450.00          0.95937
460.00          0.95988
470.00          0.96094
480.00          0.96377
490.00          0.96850
500.00          0.97397
510.00          0.97845
520.00          0.98060
530.00          0.97988
540.00          0.97668
550.00          0.97209
560.00          0.96761
570.00          0.96462
580.00          0.96388
590.00          0.96528
600.00          0.96795
610.00          0.97056
620.00          0.97176
630.00          0.97048
640.00          0.96619
650.00          0.95902
660.00          0.94991
670.00          0.94073
680.00          0.93420
690.00          0.93362
700.00          0.94161
710.00          0.95739
720.00          0.97529
730.00          0.98943
740.00          0.99706
750.00          0.99797
760.00          0.99456
770.00          0.98932
780.00          0.98393
790.00          0.97933
800.00          0.97770
810.00          0.98019
820.00          0.98387
830.00          0.98494
840.00          0.98365
850.00          0.98223
860.00          0.98073
870.00          0.97861
880.00          0.97645
890.00          0.97490
900.00          0.97414
910.00          0.97415
920.00          0.97494
930.00          0.97670
940.00          0.97966
950.00          0.98369
960.00          0.98768
970.00          0.98965
980.00          0.98826
990.00          0.98403
1000.0          0.97867
1010.0          0.97379
1020.0          0.97042
1030.0          0.96911
1040.0          0.96997
1050.0          0.97267
1060.0          0.97623
1070.0          0.97919
1080.0          0.98032
1090.0          0.97962
1100.0          0.97831
1110.0          0.97793
1120.0          0.97939
1130.0          0.98192
1140.0          0.98322
1150.0          0.98145
1160.0          0.97740
1170.0          0.97455
1180.0          0.97705
1190.0          0.98552
1200.0          0.99449
1210.0          0.99807
1220.0          0.99615
1230.0          0.99199
1240.0          0.98907
1250.0          0.98928
1260.0          0.99017
1270.0          0.98816
1280.0          0.98455
1290.0          0.98313
1300.0          0.98446
1310.0          0.98662
1320.0          0.98866
1330.0          0.99024
1340.0          0.99091
1350.0          0.99049
1360.0          0.98887
1370.0          0.98563
1380.0          0.98152
1390.0          0.97977
1400.0          0.98308
1410.0          0.98972
1420.0          0.99444
1430.0          0.99396
1440.0          0.98958
1450.0          0.98432
1460.0          0.98024
1470.0          0.97808
1480.0          0.97781
1490.0          0.97907
1500.0          0.98132
1510.0          0.98392
1520.0          0.98616
1530.0          0.98724
1540.0          0.98669
1550.0          0.98465
1560.0          0.98198
1570.0          0.97991
1580.0          0.97970
1590.0          0.98206
1600.0          0.98627
1610.0          0.98987
1620.0          0.99028
1630.0          0.98723
1640.0          0.98343
1650.0          0.98279
1660.0          0.98742
1670.0          0.99397
1680.0          0.99555
1690.0          0.99139
1700.0          0.98723
1710.0          0.98533
1720.0          0.98249
1730.0          0.97889
1740.0          0.97860
1750.0          0.98207
1760.0          0.98494
1770.0          0.98402
1780.0          0.98205
1790.0          0.98326
1800.0          0.98748
1810.0          0.98967
1820.0          0.98634
1830.0          0.98138
1840.0          0.97984
1850.0          0.98243
1860.0          0.98655
1870.0          0.98906
1880.0          0.98826
1890.0          0.98373
1900.0          0.97521
1910.0          0.96202
1920.0          0.94289
