10.000          8.0446E-4
20.000          0.0032621
30.000          0.0074310
40.000          0.013375
50.000          0.021171
60.000          0.030910
70.000          0.042703
80.000          0.056683
90.000          0.073011
100.00          0.091881
110.00          0.11353
120.00          0.13824
130.00          0.16636
140.00          0.19834
150.00          0.23469
160.00          0.27610
170.00          0.32339
180.00          0.37758
190.00          0.43987
200.00          0.51150
210.00          0.59320
220.00          0.68376
230.00          0.77691
240.00          0.85911
250.00          0.91774
260.00          0.95349
270.00          0.97262
280.00          0.97912
290.00          0.97586
300.00          0.96922
310.00          0.96650
320.00          0.96827
330.00          0.97160
340.00          0.97553
350.00          0.97942
360.00          0.98162
370.00          0.98132
380.00          0.97861
390.00          0.97345
400.00          0.96675
410.00          0.96094
420.00          0.95827
430.00          0.95899
440.00          0.96145
450.00          0.96379
460.00          0.96538
470.00          0.96688
480.00          0.96918
490.00          0.97233
500.00          0.97546
510.00          0.97757
520.00          0.97815
530.00          0.97743
540.00          0.97597
550.00          0.97435
560.00          0.97304
570.00          0.97251
580.00          0.97316
590.00          0.97509
600.00          0.97797
610.00          0.98105
620.00          0.98335
630.00          0.98399
640.00          0.98240
650.00          0.97856
660.00          0.97309
670.00          0.96743
680.00          0.96377
690.00          0.96475
700.00          0.97207
710.00          0.98413
720.00          0.99486
730.00          0.99839
740.00          0.99545
750.00          0.99206
760.00          0.99209
770.00          0.99319
780.00          0.99040
790.00          0.98317
800.00          0.97617
810.00          0.97371
820.00          0.97583
830.00          0.97847
840.00          0.97772
850.00          0.97361
860.00          0.96855
870.00          0.96426
880.00          0.96122
890.00          0.95935
900.00          0.95869
910.00          0.95957
920.00          0.96261
930.00          0.96812
940.00          0.97530
950.00          0.98170
960.00          0.98471
970.00          0.98372
980.00          0.98030
990.00          0.97664
1000.0          0.97446
1010.0          0.97478
1020.0          0.97786
1030.0          0.98302
1040.0          0.98846
1050.0          0.99182
1060.0          0.99148
1070.0          0.98745
1080.0          0.98111
1090.0          0.97421
1100.0          0.96826
1110.0          0.96421
1120.0          0.96231
1130.0          0.96200
1140.0          0.96216
1150.0          0.96202
1160.0          0.96238
1170.0          0.96563
1180.0          0.97390
1190.0          0.98595
1200.0          0.99632
1210.0          0.99968
1220.0          0.99573
1230.0          0.98836
1240.0          0.98168
1250.0          0.97823
1260.0          0.97903
1270.0          0.98363
1280.0          0.98982
1290.0          0.99413
1300.0          0.99469
1310.0          0.99303
1320.0          0.99131
1330.0          0.99005
1340.0          0.98903
1350.0          0.98861
1360.0          0.98967
1370.0          0.99235
1380.0          0.99468
1390.0          0.99382
1400.0          0.98920
1410.0          0.98304
1420.0          0.97780
1430.0          0.97472
1440.0          0.97405
1450.0          0.97547
1460.0          0.97844
1470.0          0.98229
1480.0          0.98623
1490.0          0.98942
1500.0          0.99107
1510.0          0.99071
1520.0          0.98847
1530.0          0.98512
1540.0          0.98203
1550.0          0.98064
1560.0          0.98182
1570.0          0.98490
1580.0          0.98749
1590.0          0.98693
1600.0          0.98289
1610.0          0.97760
1620.0          0.97361
1630.0          0.97231
1640.0          0.97409
1650.0          0.97904
1660.0          0.98643
1670.0          0.99377
1680.0          0.99719
1690.0          0.99300
1700.0          0.98347
1710.0          0.97542
1720.0          0.97325
1730.0          0.97636
1740.0          0.98079
1750.0          0.98267
1760.0          0.98102
1770.0          0.97831
1780.0          0.97835
1790.0          0.98253
1800.0          0.98719
1810.0          0.98644
1820.0          0.97964
1830.0          0.97225
1840.0          0.96910
1850.0          0.97096
1860.0          0.97593
1870.0          0.98141
1880.0          0.98536
1890.0          0.98673
1900.0          0.98542
1910.0          0.98214
1920.0          0.97786
1930.0          0.97142
1940.0          0.95745
