10.000          7.5077E-4
20.000          0.0030448
30.000          0.0069371
40.000          0.012488
50.000          0.019771
60.000          0.028873
70.000          0.039900
80.000          0.052981
90.000          0.068269
100.00          0.085952
110.00          0.10626
120.00          0.12946
130.00          0.15591
140.00          0.18602
150.00          0.22033
160.00          0.25950
170.00          0.30438
180.00          0.35602
190.00          0.41573
200.00          0.48498
210.00          0.56506
220.00          0.65585
230.00          0.75271
240.00          0.84313
250.00          0.91266
260.00          0.95722
270.00          0.97930
280.00          0.98162
290.00          0.96999
300.00          0.95689
310.00          0.95239
320.00          0.95575
330.00          0.96223
340.00          0.97025
350.00          0.97904
360.00          0.98679
370.00          0.99227
380.00          0.99427
390.00          0.99096
400.00          0.98172
410.00          0.96888
420.00          0.95681
430.00          0.94937
440.00          0.94816
450.00          0.95226
460.00          0.95939
470.00          0.96725
480.00          0.97442
490.00          0.98028
500.00          0.98457
510.00          0.98713
520.00          0.98792
530.00          0.98701
540.00          0.98466
550.00          0.98137
560.00          0.97792
570.00          0.97526
580.00          0.97409
590.00          0.97460
600.00          0.97627
610.00          0.97813
620.00          0.97907
630.00          0.97811
640.00          0.97463
650.00          0.96856
660.00          0.96051
670.00          0.95197
680.00          0.94548
690.00          0.94438
700.00          0.95168
710.00          0.96696
720.00          0.98351
730.00          0.99341
740.00          0.99649
750.00          0.99609
760.00          0.99383
770.00          0.99096
780.00          0.98780
790.00          0.98495
800.00          0.98249
810.00          0.98119
820.00          0.98098
830.00          0.97876
840.00          0.97324
850.00          0.96705
860.00          0.96292
870.00          0.96159
880.00          0.96254
890.00          0.96503
900.00          0.96842
910.00          0.97238
920.00          0.97678
930.00          0.98146
940.00          0.98574
950.00          0.98809
960.00          0.98695
970.00          0.98242
980.00          0.97634
990.00          0.97095
1000.0          0.96794
1010.0          0.96832
1020.0          0.97200
1030.0          0.97742
1040.0          0.98184
1050.0          0.98335
1060.0          0.98211
1070.0          0.97927
1080.0          0.97571
1090.0          0.97245
1100.0          0.97103
1110.0          0.97256
1120.0          0.97668
1130.0          0.98148
1140.0          0.98454
1150.0          0.98436
1160.0          0.98146
1170.0          0.97872
1180.0          0.98008
1190.0          0.98700
1200.0          0.99496
1210.0          0.99709
1220.0          0.99327
1230.0          0.98893
1240.0          0.98646
1250.0          0.98406
1260.0          0.98239
1270.0          0.98382
1280.0          0.98634
1290.0          0.98638
1300.0          0.98516
1310.0          0.98559
1320.0          0.98662
1330.0          0.98557
1340.0          0.98325
1350.0          0.98255
1360.0          0.98477
1370.0          0.98865
1380.0          0.99146
1390.0          0.99170
1400.0          0.98995
1410.0          0.98740
1420.0          0.98494
1430.0          0.98319
1440.0          0.98244
1450.0          0.98261
1460.0          0.98323
1470.0          0.98372
1480.0          0.98367
1490.0          0.98312
1500.0          0.98248
1510.0          0.98223
1520.0          0.98257
1530.0          0.98331
1540.0          0.98408
1550.0          0.98465
1560.0          0.98524
1570.0          0.98627
1580.0          0.98758
1590.0          0.98807
1600.0          0.98680
1610.0          0.98414
1620.0          0.98116
1630.0          0.97871
1640.0          0.97759
1650.0          0.97898
1660.0          0.98399
1670.0          0.99174
1680.0          0.99740
1690.0          0.99568
1700.0          0.98849
1710.0          0.98279
1720.0          0.98241
1730.0          0.98573
1740.0          0.98814
1750.0          0.98700
1760.0          0.98481
1770.0          0.98513
1780.0          0.98799
1790.0          0.99015
1800.0          0.98883
1810.0          0.98545
1820.0          0.98368
1830.0          0.98502
1840.0          0.98794
1850.0          0.98981
1860.0          0.98997
1870.0          0.98980
1880.0          0.98930
1890.0          0.98673
1900.0          0.98034
1910.0          0.96913
1920.0          0.95171
